8.439636065183417912e-01 4.251450593807034606e-01
8.216305858582282351e-01 8.255593848297467785e-01
8.701373728414980580e-01 6.693896392313236632e-02
9.920729490263766603e-01 6.904879572146829236e-01
9.559092281003498393e-01 1.634540467678452513e-01
4.500689518950830026e-01 7.316920714467535225e-01
4.826530654498795148e-02 8.511480038461194386e-02
3.021720422693745522e-01 7.686954703774706577e-02
2.783446495858973302e-01 7.843021374586398586e-01
9.319180196185230525e-01 7.207353820219483120e-01
9.899469024644916848e-01 2.616121267427494734e-01
1.940524361245413720e-01 8.571163938971367857e-01
3.215748928429524867e-01 3.696589390918469942e-01
3.851158351301856575e-01 6.055833905423279040e-01
5.306750808079017112e-01 8.228015357202699276e-01
3.570103425040395129e-01 5.742628515556148505e-01
8.636657852042824990e-01 9.481476868923410795e-02
6.718504883044640330e-02 5.615416204116058241e-01
4.730933368454139920e-01 4.983977095018781167e-01
7.355916906260367982e-01 1.368891536320790969e-01
2.729751363290968680e-01 8.398469456498817154e-01
2.932991142800280837e-01 2.638744072131655738e-01
2.127887164249389063e-01 5.184234292780702802e-01
2.447048126143088753e-01 7.661305781546866589e-01
7.910169960098135666e-01 2.646377277801671424e-01
9.123923143250926016e-01 5.914117219815726578e-01
7.815168863209419614e-01 2.275640370602856066e-01
2.592231239585812697e-01 6.568073487282242162e-01
5.163373380584710404e-01 7.782735351607154017e-01
9.481247978018108036e-01 1.438696985241425530e-01
8.878910429315026720e-01 6.502076126778268961e-01
5.457065501231005422e-01 4.387334444674995115e-02
6.338619621273772209e-01 2.118708588818819516e-01
1.623730041492089660e-01 7.740146600589559167e-01
6.581465087876596787e-01 3.427190605677953306e-01
5.569377937790769284e-01 9.579693601831628103e-01
3.432731404626244709e-01 4.598931829406017746e-01
5.543259818095020997e-01 1.800378976000674980e-01
8.165190198606753214e-01 5.675745599758680315e-01
6.653774319894797395e-01 1.622111835457781259e-01
6.007931917395004096e-02 9.773009299392108051e-01
1.062974785842916159e-01 1.627259685568639425e-01
3.451875650623256186e-01 3.300796703672874699e-01
2.319247795259726797e-02 2.520390648931488675e-01
9.213169058271389877e-01 7.738681588166151926e-02
7.666984291470402280e-01 4.429612098468116432e-01
5.563380506585687835e-01 5.526272696943708151e-01
6.397212423187992325e-01 3.093343631481604294e-01
2.840906255687738469e-01 6.567222769447219610e-01
7.662454080321681182e-01 5.558883079464806976e-01
